1
1 20 001000 000011 011021 021020 
1 26 001002 002003 003014 014025 025026 
1 29 001000 000010 010009 009008 008019 019030 030029 
1 35 001000 000011 011022 022033 033034 034035 
1 53 001000 000011 011022 022033 033044 044054 054053 
20
20 1 020021 021011 011000 000001 
20 26 020019 019030 030029 029028 028027 027026 
20 29 020019 019030 030029 
20 35 020021 021011 011022 022033 033034 034035 
20 53 020031 031042 042053 
26
26 1 026025 025014 014003 003002 002001 
26 20 026027 027028 028029 029030 030019 019020 
26 29 026027 027028 028029 
26 35 026025 025036 036035 
26 53 026027 027028 028029 029030 030041 041052 052053 
29
29 1 029030 030019 019008 008009 009010 010000 000001 
29 20 029030 030019 019020 
29 26 029028 028027 027026 
29 35 029028 028027 027026 026025 025036 036035 
29 53 029030 030041 041052 052053 
35
35 1 035034 034033 033022 022011 011000 000001 
35 20 035034 034033 033022 022011 011021 021020 
35 26 035036 036025 025026 
35 29 035036 036025 025026 026027 027028 028029 
35 53 035034 034033 033044 044054 054053 
53
53 1 053054 054044 044033 033022 022011 011000 000001 
53 20 053042 042031 031020 
53 26 053052 052041 041030 030029 029028 028027 027026 
53 29 053052 052041 041030 030029 
53 35 053054 054044 044033 033034 034035 
