1
1 20 001000 000010 010009 009020 
1 26 001012 012023 023024 024025 025026 
1 29 001000 000010 010009 009020 020031 031030 030029 
1 35 001012 012023 023034 034035 
1 53 001000 000010 010009 009020 020031 031042 042053 
20
20 1 020009 009010 010000 000001 
20 26 020019 019018 018017 017028 028027 027026 
20 29 020031 031030 030029 
20 35 020031 031042 042043 043033 033034 034035 
20 53 020031 031042 042053 
26
26 1 026025 025024 024023 023012 012001 
26 20 026027 027028 028017 017018 018019 019020 
26 29 026027 027028 028029 
26 35 026025 025036 036035 
26 53 026027 027028 028039 039050 050051 051052 052053 
29
29 1 029030 030031 031020 020009 009010 010000 000001 
29 20 029030 030031 031020 
29 26 029028 028027 027026 
29 35 029028 028039 039038 038037 037036 036035 
29 53 029030 030031 031042 042053 
35
35 1 035034 034023 023012 012001 
35 20 035034 034033 033043 043042 042031 031020 
35 26 035036 036025 025026 
35 29 035036 036037 037038 038039 039028 028029 
35 53 035034 034033 033043 043042 042053 
53
53 1 053042 042031 031020 020009 009010 010000 000001 
53 20 053042 042031 031020 
53 26 053052 052051 051050 050039 039028 028027 027026 
53 29 053042 042031 031030 030029 
53 35 053042 042043 043033 033034 034035 
