1
1 20 001012 012011 011021 021020 
1 26 001012 012023 023024 024025 025026 
1 29 001012 012023 023022 022032 032031 031030 030029 
1 35 001012 012023 023034 034035 
1 53 001012 012023 023034 034045 045044 044054 054053 
20
20 1 020021 021011 011012 012001 
20 26 020019 019018 018029 029028 028027 027026 
20 29 020019 019018 018029 
20 35 020021 021011 011012 012023 023034 034035 
20 53 020031 031042 042053 
26
26 1 026025 025024 024023 023012 012001 
26 20 026027 027028 028029 029018 018019 019020 
26 29 026027 027028 028029 
26 35 026037 037036 036035 
26 53 026027 027028 028029 029040 040051 051052 052053 
29
29 1 029030 030031 031032 032022 022023 023012 012001 
29 20 029018 018019 019020 
29 26 029028 028027 027026 
29 35 029040 040039 039038 038037 037036 036035 
29 53 029040 040051 051052 052053 
35
35 1 035034 034023 023012 012001 
35 20 035034 034023 023012 012011 011021 021020 
35 26 035036 036037 037026 
35 29 035036 036037 037038 038039 039040 040029 
35 53 035034 034045 045044 044054 054053 
53
53 1 053054 054044 044045 045034 034023 023012 012001 
53 20 053042 042031 031020 
53 26 053052 052051 051040 040029 029028 028027 027026 
53 29 053052 052051 051040 040029 
53 35 053054 054044 044045 045034 034035 
