1
1 20 001000 000010 010021 021020 
1 26 001002 002003 003004 004015 015026 
1 29 001000 000010 010021 021032 032031 031030 030029 
1 35 001002 002013 013024 024035 
1 53 001000 000010 010021 021032 032043 043054 054053 
20
20 1 020021 021010 010000 000001 
20 26 020019 019018 018017 017016 016015 015026 
20 29 020019 019018 018029 
20 35 020021 021011 011012 012013 013024 024035 
20 53 020021 021032 032043 043054 054053 
26
26 1 026015 015004 004003 003002 002001 
26 20 026015 015016 016017 017018 018019 019020 
26 29 026027 027028 028029 
26 35 026037 037036 036035 
26 53 026037 037048 048049 049050 050051 051052 052053 
29
29 1 029030 030031 031032 032021 021010 010000 000001 
29 20 029018 018019 019020 
29 26 029028 028027 027026 
29 35 029028 028027 027026 026037 037036 036035 
29 53 029040 040051 051052 052053 
35
35 1 035024 024013 013002 002001 
35 20 035024 024013 013012 012011 011021 021020 
35 26 035036 036037 037026 
35 29 035036 036037 037026 026027 027028 028029 
35 53 035046 046045 045044 044054 054053 
53
53 1 053054 054043 043032 032021 021010 010000 000001 
53 20 053054 054043 043032 032021 021020 
53 26 053052 052051 051050 050049 049048 048037 037026 
53 29 053052 052051 051040 040029 
53 35 053054 054044 044045 045046 046035 
