1
1 20 001000 000010 010021 021020 
1 26 001002 002013 013024 024025 025026 
1 29 001000 000010 010009 009008 008007 007018 018029 
1 35 001002 002013 013024 024035 
1 53 001000 000010 010021 021032 032043 043054 054053 
20
20 1 020021 021010 010000 000001 
20 26 020019 019018 018029 029028 028027 027026 
20 29 020019 019018 018029 
20 35 020021 021032 032043 043033 033034 034035 
20 53 020031 031042 042053 
26
26 1 026025 025024 024013 013002 002001 
26 20 026027 027028 028029 029018 018019 019020 
26 29 026027 027028 028029 
26 35 026025 025024 024035 
26 53 026027 027028 028029 029040 040051 051052 052053 
29
29 1 029018 018007 007008 008009 009010 010000 000001 
29 20 029018 018019 019020 
29 26 029028 028027 027026 
29 35 029040 040039 039038 038037 037036 036035 
29 53 029040 040051 051052 052053 
35
35 1 035024 024013 013002 002001 
35 20 035034 034033 033043 043032 032021 021020 
35 26 035024 024025 025026 
35 29 035036 036037 037038 038039 039040 040029 
35 53 035034 034033 033043 043054 054053 
53
53 1 053054 054043 043032 032021 021010 010000 000001 
53 20 053042 042031 031020 
53 26 053052 052051 051040 040029 029028 028027 027026 
53 29 053052 052051 051040 040029 
53 35 053054 054043 043033 033034 034035 
