21 0 021010 010000 
0 21 000010 010021 
21 8 021010 010009 009008 
8 21 008009 009010 010021 
21 9 021010 010009 
9 21 009010 010021 
21 10 021010 
10 21 010021 
21 11 021011 
11 21 011021 
21 19 021020 020019 
19 21 019020 020021 
21 20 021020 
20 21 020021 
21 22 021032 032022 
22 21 022032 032021 
21 31 021032 032031 
31 21 031032 032021 
21 32 021032 
32 21 032021 
24 1 024013 013002 002001 
1 24 001002 002013 013024 
24 2 024013 013002 
2 24 002013 013024 
24 12 024013 013012 
12 24 012013 013024 
24 13 024013 
13 24 013024 
24 23 024023 
23 24 023024 
24 25 024025 
25 24 025024 
24 34 024035 035034 
34 24 034035 035024 
24 35 024035 
35 24 035024 
24 46 024035 035046 
46 24 046035 035024 
24 57 024035 035046 046057 
57 24 057046 046035 035024 
26 3 026025 025024 024013 013002 002003 
3 26 003002 002013 013024 024025 025026 
26 4 026027 027016 016005 005004 
4 26 004005 005016 016027 027026 
26 5 026027 027016 016005 
5 26 005016 016027 027026 
26 6 026027 027016 016005 005006 
6 26 006005 005016 016027 027026 
26 14 026025 025024 024013 013014 
14 26 014013 013024 024025 025026 
26 15 026027 027016 016015 
15 26 015016 016027 027026 
26 16 026027 027016 
16 26 016027 027026 
26 17 026027 027016 016017 
17 26 017016 016027 027026 
26 27 026027 
27 26 027026 
26 36 026025 025024 024035 035036 
36 26 036035 035024 024025 025026 
26 37 026027 027038 038037 
37 26 037038 038027 027026 
26 38 026027 027038 
38 26 038027 027026 
26 47 026025 025024 024035 035046 046047 
47 26 047046 046035 035024 024025 025026 
26 48 026027 027038 038049 049048 
48 26 048049 049038 038027 027026 
26 49 026027 027038 038049 
49 26 049038 038027 027026 
26 58 026025 025024 024035 035046 046057 057058 
58 26 058057 057046 046035 035024 024025 025026 
26 59 026027 027038 038049 049060 060059 
59 26 059060 060049 049038 038027 027026 
26 60 026027 027038 038049 049060 
60 26 060049 049038 038027 027026 
40 7 040029 029018 018007 
7 40 007018 018029 029040 
40 18 040029 029018 
18 40 018029 029040 
40 28 040029 029028 
28 40 028029 029040 
40 29 040029 
29 40 029040 
40 30 040029 029030 
30 40 030029 029040 
40 39 040039 
39 40 039040 
40 41 040041 
41 40 041040 
40 50 040051 051050 
50 40 050051 051040 
40 51 040051 
51 40 051040 
40 52 040051 051052 
52 40 052051 051040 
40 61 040051 051062 062061 
61 40 061062 062051 051040 
40 62 040051 051062 
62 40 062051 051040 
40 63 040051 051062 062063 
63 40 063062 062051 051040 
54 33 054043 043033 
33 54 033043 043054 
54 42 054043 043042 
42 54 042043 043054 
54 43 054043 
43 54 043054 
54 44 054044 
44 54 044054 
54 45 054044 044045 
45 54 045044 044054 
54 53 054053 
53 54 053054 
54 55 054065 065055 
55 54 055065 065054 
54 56 054065 065055 055056 
56 54 056055 055065 065054 
54 64 054065 065064 
64 54 064065 065054 
54 65 054065 
65 54 065054 
54 65 054065 
65 54 065054 
