11 0 011012 012001 001000 
0 11 000001 001012 012011 
11 9 011021 021020 020009 
9 11 009020 020021 021011 
11 10 011021 021020 020009 009010 
10 11 010009 009020 020021 021011 
11 12 011012 
12 11 012011 
11 20 011021 021020 
20 11 020021 021011 
11 21 011021 
21 11 021011 
11 22 011012 012023 023022 
22 11 022023 023012 012011 
11 23 011012 012023 
23 11 023012 012011 
11 32 011021 021020 020031 031032 
32 11 032031 031020 020021 021011 
11 33 011012 012023 023034 034033 
33 11 033034 034023 023012 012011 
11 34 011012 012023 023034 
34 11 034023 023012 012011 
2 1 002001 
1 2 001002 
2 3 002003 
3 2 003002 
2 4 002003 003004 
4 2 004003 003002 
2 13 002013 
13 2 013002 
25 14 025014 
14 25 014025 
25 15 025014 014015 
15 25 015014 014025 
25 24 025024 
24 25 024025 
25 26 025026 
26 25 026025 
25 35 025036 036035 
35 25 035036 036025 
25 36 025036 
36 25 036025 
25 37 025036 036037 
37 25 037036 036025 
25 46 025036 036047 047046 
46 25 046047 047036 036025 
25 47 025036 036047 
47 25 047036 036025 
25 48 025036 036047 047048 
48 25 048047 047036 036025 
25 57 025036 036047 047058 058057 
57 25 057058 058047 047036 036025 
25 58 025036 036047 047058 
58 25 058047 047036 036025 
25 59 025036 036047 047058 058059 
59 25 059058 058047 047036 036025 
28 5 028017 017006 006005 
5 28 005006 006017 017028 
28 6 028017 017006 
6 28 006017 017028 
28 7 028017 017006 006007 
7 28 007006 006017 017028 
28 8 028017 017006 006007 007008 
8 28 008007 007006 006017 017028 
28 16 028017 017016 
16 28 016017 017028 
28 17 028017 
17 28 017028 
28 18 028017 017018 
18 28 018017 017028 
28 19 028017 017018 018019 
19 28 019018 018017 017028 
28 27 028027 
27 28 027028 
28 29 028029 
29 28 029028 
28 30 028029 029030 
30 28 030029 029028 
28 38 028039 039038 
38 28 038039 039028 
28 39 028039 
39 28 039028 
28 40 028039 039040 
40 28 040039 039028 
28 49 028039 039050 050049 
49 28 049050 050039 039028 
28 50 028039 039050 
50 28 050039 039028 
28 60 028039 039050 050061 061060 
60 28 060061 061050 050039 039028 
28 61 028039 039050 050061 
61 28 061050 050039 039028 
53 31 053042 042031 
31 53 031042 042053 
53 41 053042 042041 
41 53 041042 042053 
53 42 053042 
42 53 042053 
53 43 053042 042043 
43 53 043042 042053 
53 44 053054 054044 
44 53 044054 054053 
53 45 053054 054044 044045 
45 53 045044 044054 054053 
53 51 053052 052051 
51 53 051052 052053 
53 52 053052 
52 53 052053 
53 54 053054 
54 53 054053 
53 55 053064 064065 065055 
55 53 055065 065064 064053 
53 56 053064 064065 065055 055056 
56 53 056055 055065 065064 064053 
53 62 053064 064063 063062 
62 53 062063 063064 064053 
53 63 053064 064063 
63 53 063064 064053 
53 64 053064 
64 53 064053 
53 65 053064 064065 
65 53 065064 064053 
53 65 053064 064065 
65 53 065064 064053 
