1 0 001000 
0 1 000001 
1 2 001002 
2 1 002001 
1 3 001002 002003 
3 1 003002 002001 
1 11 001012 012011 
11 1 011012 012001 
1 12 001012 
12 1 012001 
1 13 001012 012013 
13 1 013012 012001 
1 22 001012 012023 023022 
22 1 022023 023012 012001 
1 23 001012 012023 
23 1 023012 012001 
1 24 001012 012023 023024 
24 1 024023 023012 012001 
20 8 020009 009008 
8 20 008009 009020 
20 9 020009 
9 20 009020 
20 10 020009 009010 
10 20 010009 009020 
20 19 020019 
19 20 019020 
20 21 020021 
21 20 021020 
20 30 020031 031030 
30 20 030031 031020 
20 31 020031 
31 20 031020 
20 32 020031 031032 
32 20 032031 031020 
18 7 018007 
7 18 007018 
18 29 018029 
29 18 029018 
28 5 028017 017006 006005 
5 28 005006 006017 017028 
28 6 028017 017006 
6 28 006017 017028 
28 16 028017 017016 
16 28 016017 017028 
28 17 028017 
17 28 017028 
28 27 028027 
27 28 027028 
28 39 028039 
39 28 039028 
28 40 028039 039040 
40 28 040039 039028 
28 50 028039 039050 
50 28 050039 039028 
28 61 028039 039050 050061 
61 28 061050 050039 039028 
37 4 037026 026015 015004 
4 37 004015 015026 026037 
37 14 037026 026015 015014 
14 37 014015 015026 026037 
37 15 037026 026015 
15 37 015026 026037 
37 25 037026 026025 
25 37 025026 026037 
37 26 037026 
26 37 026037 
37 36 037036 
36 37 036037 
37 38 037038 
38 37 038037 
37 47 037048 048047 
47 37 047048 048037 
37 48 037048 
48 37 048037 
37 49 037048 048049 
49 37 049048 048037 
37 58 037048 048059 059058 
58 37 058059 059048 048037 
37 59 037048 048059 
59 37 059048 048037 
37 60 037048 048059 059060 
60 37 060059 059048 048037 
45 33 045034 034033 
33 45 033034 034045 
45 34 045034 
34 45 034045 
45 35 045034 034035 
35 45 035034 034045 
45 44 045044 
44 45 044045 
45 46 045046 
46 45 046045 
45 55 045056 056055 
55 45 055056 056045 
45 56 045056 
56 45 056045 
45 57 045056 056057 
57 45 057056 056045 
53 41 053042 042041 
41 53 041042 042053 
53 42 053042 
42 53 042053 
53 43 053042 042043 
43 53 043042 042053 
53 51 053052 052051 
51 53 051052 052053 
53 52 053052 
52 53 052053 
53 54 053054 
54 53 054053 
53 62 053064 064063 063062 
62 53 062063 063064 064053 
53 63 053064 064063 
63 53 063064 064053 
53 64 053064 
64 53 064053 
53 65 053064 064065 
65 53 065064 064053 
53 65 053064 064065 
65 53 065064 064053 
