1 0 001000 
0 1 000001 
1 2 001002 
2 1 002001 
1 3 001002 002003 
3 1 003002 002001 
1 10 001000 000010 
10 1 010000 000001 
1 11 001012 012011 
11 1 011012 012001 
1 12 001012 
12 1 012001 
1 13 001012 012013 
13 1 013012 012001 
1 23 001012 012023 
23 1 023012 012001 
8 7 008007 
7 8 007008 
8 9 008009 
9 8 009008 
29 18 029018 
18 29 018029 
29 19 029018 018019 
19 29 019018 018029 
29 20 029018 018019 019020 
20 29 020019 019018 018029 
29 28 029028 
28 29 028029 
29 30 029030 
30 29 030029 
29 31 029030 030031 
31 29 031030 030029 
29 39 029040 040039 
39 29 039040 040029 
29 40 029040 
40 29 040029 
29 41 029040 040041 
41 29 041040 040029 
29 50 029040 040051 051050 
50 29 050051 051040 040029 
29 51 029040 040051 
51 29 051040 040029 
29 61 029040 040051 051062 062061 
61 29 061062 062051 051040 040029 
29 62 029040 040051 051062 
62 29 062051 051040 040029 
16 4 016015 015004 
4 16 004015 015016 
16 5 016005 
5 16 005016 
16 6 016005 005006 
6 16 006005 005016 
16 14 016015 015014 
14 16 014015 015016 
16 15 016015 
15 16 015016 
16 17 016017 
17 16 017016 
16 27 016027 
27 16 027016 
37 24 037026 026025 025024 
24 37 024025 025026 026037 
37 25 037026 026025 
25 37 025026 026037 
37 26 037026 
26 37 026037 
37 36 037036 
36 37 036037 
37 38 037038 
38 37 038037 
37 47 037048 048047 
47 37 047048 048037 
37 48 037048 
48 37 048037 
37 49 037048 048049 
49 37 049048 048037 
37 58 037048 048059 059058 
58 37 058059 059048 048037 
37 59 037048 048059 
59 37 059048 048037 
37 60 037048 048059 059060 
60 37 060059 059048 048037 
45 34 045034 
34 45 034045 
45 35 045034 034035 
35 45 035034 034045 
45 44 045044 
44 45 044045 
45 46 045046 
46 45 046045 
45 56 045056 
56 45 056045 
45 57 045056 056057 
57 45 057056 056045 
54 21 054043 043032 032021 
21 54 021032 032043 043054 
54 22 054043 043032 032022 
22 54 022032 032043 043054 
54 32 054043 043032 
32 54 032043 043054 
54 33 054043 043033 
33 54 033043 043054 
54 42 054043 043042 
42 54 042043 043054 
54 43 054043 
43 54 043054 
54 52 054053 053052 
52 54 052053 053054 
54 53 054053 
53 54 053054 
54 55 054065 065055 
55 54 055065 065054 
54 63 054065 065064 064063 
63 54 063064 064065 065054 
54 64 054065 065064 
64 54 064065 065054 
54 65 054065 
65 54 065054 
54 65 054065 
65 54 065054 
