1 0 001000 
0 1 000001 
1 2 001002 
2 1 002001 
1 3 001002 002003 
3 1 003002 002001 
1 10 001000 000010 
10 1 010000 000001 
1 11 001012 012011 
11 1 011012 012001 
1 12 001012 
12 1 012001 
1 13 001012 012013 
13 1 013012 012001 
1 23 001012 012023 
23 1 023012 012001 
8 9 008009 
9 8 009008 
18 6 018007 007006 
6 18 006007 007018 
18 7 018007 
7 18 007018 
18 17 018017 
17 18 017018 
18 19 018019 
19 18 019018 
18 20 018019 019020 
20 18 020019 019018 
18 29 018029 
29 18 029018 
18 30 018029 029030 
30 18 030029 029018 
18 40 018029 029040 
40 18 040029 029018 
18 41 018029 029040 040041 
41 18 041040 040029 029018 
18 51 018029 029040 040051 
51 18 051040 040029 029018 
18 62 018029 029040 040051 051062 
62 18 062051 051040 040029 029018 
27 5 027016 016005 
5 27 005016 016027 
27 16 027016 
16 27 016027 
27 28 027028 
28 27 028027 
27 38 027038 
38 27 038027 
27 39 027038 038039 
39 27 039038 038027 
37 4 037026 026015 015004 
4 37 004015 015026 026037 
37 14 037026 026015 015014 
14 37 014015 015026 026037 
37 15 037026 026015 
15 37 015026 026037 
37 24 037026 026025 025024 
24 37 024025 025026 026037 
37 25 037026 026025 
25 37 025026 026037 
37 26 037026 
26 37 026037 
37 36 037036 
36 37 036037 
37 47 037048 048047 
47 37 047048 048037 
37 48 037048 
48 37 048037 
37 49 037048 048049 
49 37 049048 048037 
37 50 037048 048049 049050 
50 37 050049 049048 048037 
37 58 037048 048059 059058 
58 37 058059 059048 048037 
37 59 037048 048059 
59 37 059048 048037 
37 60 037048 048059 059060 
60 37 060059 059048 048037 
37 61 037048 048059 059060 060061 
61 37 061060 060059 059048 048037 
45 34 045034 
34 45 034045 
45 35 045034 034035 
35 45 035034 034045 
45 44 045044 
44 45 044045 
45 46 045046 
46 45 046045 
45 56 045056 
56 45 056045 
45 57 045056 056057 
57 45 057056 056045 
54 21 054043 043032 032021 
21 54 021032 032043 043054 
54 22 054043 043032 032022 
22 54 022032 032043 043054 
54 31 054043 043032 032031 
31 54 031032 032043 043054 
54 32 054043 043032 
32 54 032043 043054 
54 33 054043 043033 
33 54 033043 043054 
54 42 054043 043042 
42 54 042043 043054 
54 43 054043 
43 54 043054 
54 52 054053 053052 
52 54 052053 053054 
54 53 054053 
53 54 053054 
54 55 054065 065055 
55 54 055065 065054 
54 63 054065 065064 064063 
63 54 063064 064065 065054 
54 64 054065 065064 
64 54 064065 065054 
54 65 054065 
65 54 065054 
54 65 054065 
65 54 065054 
