9 0 009010 010000 
0 9 000010 010009 
9 7 009008 008007 
7 9 007008 008009 
9 8 009008 
8 9 008009 
9 10 009010 
10 9 010009 
9 19 009020 020019 
19 9 019020 020009 
9 20 009020 
20 9 020009 
9 21 009020 020021 
21 9 021020 020009 
9 30 009020 020031 031030 
30 9 030031 031020 020009 
9 31 009020 020031 
31 9 031020 020009 
23 1 023012 012001 
1 23 001012 012023 
23 2 023012 012001 001002 
2 23 002001 001012 012023 
23 11 023012 012011 
11 23 011012 012023 
23 12 023012 
12 23 012023 
23 13 023012 012013 
13 23 013012 012023 
23 22 023022 
22 23 022023 
23 24 023024 
24 23 024023 
23 32 023022 022032 
32 23 032022 022023 
23 33 023034 034033 
33 23 033034 034023 
23 34 023034 
34 23 034023 
23 35 023034 034035 
35 23 035034 034023 
23 45 023034 034045 
45 23 045034 034023 
23 46 023034 034045 045046 
46 23 046045 045034 034023 
23 56 023034 034045 045056 
56 23 056045 045034 034023 
23 57 023034 034045 045056 056057 
57 23 057056 056045 045034 034023 
25 3 025014 014003 
3 25 003014 014025 
25 4 025014 014003 003004 
4 25 004003 003014 014025 
25 14 025014 
14 25 014025 
25 15 025014 014015 
15 25 015014 014025 
25 26 025026 
26 25 026025 
25 36 025036 
36 25 036025 
25 37 025036 036037 
37 25 037036 036025 
25 47 025036 036047 
47 25 047036 036025 
25 58 025036 036047 047058 
58 25 058047 047036 036025 
39 5 039028 028017 017006 006005 
5 39 005006 006017 017028 028039 
39 6 039028 028017 017006 
6 39 006017 017028 028039 
39 16 039028 028017 017016 
16 39 016017 017028 028039 
39 17 039028 028017 
17 39 017028 028039 
39 18 039028 028017 017018 
18 39 018017 017028 028039 
39 27 039028 028027 
27 39 027028 028039 
39 28 039028 
28 39 028039 
39 29 039028 028029 
29 39 029028 028039 
39 38 039038 
38 39 038039 
39 40 039040 
40 39 040039 
39 48 039050 050049 049048 
48 39 048049 049050 050039 
39 49 039050 050049 
49 39 049050 050039 
39 50 039050 
50 39 050039 
39 51 039050 050051 
51 39 051050 050039 
39 59 039050 050061 061060 060059 
59 39 059060 060061 061050 050039 
39 60 039050 050061 061060 
60 39 060061 061050 050039 
39 61 039050 050061 
61 39 061050 050039 
39 62 039050 050061 061062 
62 39 062061 061050 050039 
53 41 053042 042041 
41 53 041042 042053 
53 42 053042 
42 53 042053 
53 43 053042 042043 
43 53 043042 042053 
53 44 053054 054044 
44 53 044054 054053 
53 52 053052 
52 53 052053 
53 54 053054 
54 53 054053 
53 55 053064 064065 065055 
55 53 055065 065064 064053 
53 63 053064 064063 
63 53 063064 064053 
53 64 053064 
64 53 064053 
53 65 053064 064065 
65 53 065064 064053 
53 65 053064 064065 
65 53 065064 064053 
