0 1 000001 
1 0 001000 
0 2 000001 001002 
2 0 002001 001000 
0 3 000001 001002 002003 
3 0 003002 002001 001000 
0 10 000010 
10 0 010000 
0 11 000011 
11 0 011000 
0 12 000011 011012 
12 0 012011 011000 
0 21 000011 011021 
21 0 021011 011000 
0 22 000011 011022 
22 0 022011 011000 
8 6 008007 007006 
6 8 006007 007008 
8 7 008007 
7 8 007008 
8 9 008009 
9 8 009008 
8 18 008019 019018 
18 8 018019 019008 
8 19 008019 
19 8 019008 
8 20 008019 019020 
20 8 020019 019008 
30 29 030029 
29 30 029030 
30 31 030031 
31 30 031030 
30 32 030031 031032 
32 30 032031 031030 
30 40 030041 041040 
40 30 040041 041030 
30 41 030041 
41 30 041030 
30 42 030041 041042 
42 30 042041 041030 
27 4 027016 016005 005004 
4 27 004005 005016 016027 
27 5 027016 016005 
5 27 005016 016027 
27 14 027016 016015 015014 
14 27 014015 015016 016027 
27 15 027016 016015 
15 27 015016 016027 
27 16 027016 
16 27 016027 
27 17 027016 016017 
17 27 017016 016027 
27 26 027026 
26 27 026027 
27 28 027028 
28 27 028027 
27 37 027038 038037 
37 27 037038 038027 
27 38 027038 
38 27 038027 
27 39 027038 038039 
39 27 039038 038027 
27 48 027038 038049 049048 
48 27 048049 049038 038027 
27 49 027038 038049 
49 27 049038 038027 
27 59 027038 038049 049060 060059 
59 27 059060 060049 049038 038027 
27 60 027038 038049 049060 
60 27 060049 049038 038027 
35 13 035024 024013 
13 35 013024 024035 
35 23 035024 024023 
23 35 023024 024035 
35 24 035024 
24 35 024035 
35 25 035024 024025 
25 35 025024 024035 
35 34 035034 
34 35 034035 
35 36 035036 
36 35 036035 
35 46 035046 
46 35 046035 
35 47 035046 046047 
47 35 047046 046035 
35 57 035046 046057 
57 35 057046 046035 
35 58 035046 046057 057058 
58 35 058057 057046 046035 
44 33 044033 
33 44 033044 
44 43 044033 033043 
43 44 043033 033044 
44 45 044045 
45 44 045044 
44 54 044054 
54 44 054044 
44 55 044055 
55 44 055044 
44 56 044055 055056 
56 44 056055 055044 
44 65 044055 055065 
65 44 065055 055044 
52 50 052051 051050 
50 52 050051 051052 
52 51 052051 
51 52 051052 
52 53 052053 
53 52 053052 
52 61 052063 063062 062061 
61 52 061062 062063 063052 
52 62 052063 063062 
62 52 062063 063052 
52 63 052063 
63 52 063052 
52 64 052063 063064 
64 52 064063 063052 
52 64 052063 063064 
64 52 064063 063052 
