1 0 001000 
0 1 000001 
1 2 001002 
2 1 002001 
1 3 001002 002003 
3 1 003002 002001 
1 11 001012 012011 
11 1 011012 012001 
1 12 001012 
12 1 012001 
1 13 001012 012013 
13 1 013012 012001 
1 22 001012 012023 023022 
22 1 022023 023012 012001 
1 23 001012 012023 
23 1 023012 012001 
20 8 020009 009008 
8 20 008009 009020 
20 9 020009 
9 20 009020 
20 10 020009 009010 
10 20 010009 009020 
20 19 020019 
19 20 019020 
20 21 020021 
21 20 021020 
20 31 020031 
31 20 031020 
20 32 020031 031032 
32 20 032031 031020 
29 6 029018 018007 007006 
6 29 006007 007018 018029 
29 7 029018 018007 
7 29 007018 018029 
29 17 029018 018017 
17 29 017018 018029 
29 18 029018 
18 29 018029 
29 28 029028 
28 29 028029 
29 30 029030 
30 29 030029 
29 39 029040 040039 
39 29 039040 040029 
29 40 029040 
40 29 040029 
29 41 029040 040041 
41 29 041040 040029 
29 51 029040 040051 
51 29 051040 040029 
29 62 029040 040051 051062 
62 29 062051 051040 040029 
26 4 026015 015004 
4 26 004015 015026 
26 5 026015 015004 004005 
5 26 005004 004015 015026 
26 14 026015 015014 
14 26 014015 015026 
26 15 026015 
15 26 015026 
26 16 026015 015016 
16 26 016015 015026 
26 24 026025 025024 
24 26 024025 025026 
26 25 026025 
25 26 025026 
26 27 026027 
27 26 027026 
26 36 026037 037036 
36 26 036037 037026 
26 37 026037 
37 26 037026 
26 38 026037 037038 
38 26 038037 037026 
48 47 048047 
47 48 047048 
48 49 048049 
49 48 049048 
48 50 048049 049050 
50 48 050049 049048 
48 58 048059 059058 
58 48 058059 059048 
48 59 048059 
59 48 059048 
48 60 048059 059060 
60 48 060059 059048 
48 61 048059 059060 060061 
61 48 061060 060059 059048 
45 33 045034 034033 
33 45 033034 034045 
45 34 045034 
34 45 034045 
45 35 045034 034035 
35 45 035034 034045 
45 44 045044 
44 45 044045 
45 46 045046 
46 45 046045 
45 55 045056 056055 
55 45 055056 056045 
45 56 045056 
56 45 056045 
45 57 045056 056057 
57 45 057056 056045 
53 42 053042 
42 53 042053 
53 43 053042 042043 
43 53 043042 042053 
53 52 053052 
52 53 052053 
53 54 053054 
54 53 054053 
53 63 053064 064063 
63 53 063064 064053 
53 64 053064 
64 53 064053 
53 65 053064 064065 
65 53 065064 064053 
53 65 053064 064065 
65 53 065064 064053 
