11 0 011000 
0 11 000011 
11 1 011000 000001 
1 11 001000 000011 
11 9 011000 000010 010009 
9 11 009010 010000 000011 
11 10 011000 000010 
10 11 010000 000011 
11 12 011012 
12 11 012011 
11 20 011021 021020 
20 11 020021 021011 
11 21 011021 
21 11 021011 
11 22 011022 
22 11 022011 
11 23 011022 022023 
23 11 023022 022011 
11 32 011022 022032 
32 11 032022 022011 
11 33 011022 022033 
33 11 033022 022011 
11 44 011022 022033 033044 
44 11 044033 033022 022011 
11 55 011022 022033 033044 044055 
55 11 055044 044033 033022 022011 
14 2 014003 003002 
2 14 002003 003014 
14 3 014003 
3 14 003014 
14 4 014003 003004 
4 14 004003 003014 
14 13 014013 
13 14 013014 
14 15 014015 
15 14 015014 
36 24 036025 025024 
24 36 024025 025036 
36 25 036025 
25 36 025036 
36 26 036025 025026 
26 36 026025 025036 
36 34 036035 035034 
34 36 034035 035036 
36 35 036035 
35 36 035036 
36 37 036037 
37 36 037036 
36 45 036047 047046 046045 
45 36 045046 046047 047036 
36 46 036047 047046 
46 36 046047 047036 
36 47 036047 
47 36 047036 
36 48 036047 047048 
48 36 048047 047036 
36 56 036047 047058 058057 057056 
56 36 056057 057058 058047 047036 
36 57 036047 047058 058057 
57 36 057058 058047 047036 
36 58 036047 047058 
58 36 058047 047036 
36 59 036047 047058 058059 
59 36 059058 058047 047036 
38 5 038027 027016 016005 
5 38 005016 016027 027038 
38 6 038027 027016 016005 005006 
6 38 006005 005016 016027 027038 
38 16 038027 027016 
16 38 016027 027038 
38 17 038027 027016 016017 
17 38 017016 016027 027038 
38 27 038027 
27 38 027038 
38 28 038027 027028 
28 38 028027 027038 
38 39 038039 
39 38 039038 
38 49 038049 
49 38 049038 
38 50 038049 049050 
50 38 050049 049038 
38 60 038049 049060 
60 38 060049 049038 
38 61 038049 049060 060061 
61 38 061060 060049 049038 
41 7 041030 030019 019008 008007 
7 41 007008 008019 019030 030041 
41 8 041030 030019 019008 
8 41 008019 019030 030041 
41 18 041030 030019 019018 
18 41 018019 019030 030041 
41 19 041030 030019 
19 41 019030 030041 
41 29 041030 030029 
29 41 029030 030041 
41 30 041030 
30 41 030041 
41 31 041030 030031 
31 41 031030 030041 
41 40 041040 
40 41 040041 
41 42 041042 
42 41 042041 
41 43 041042 042043 
43 41 043042 042041 
41 51 041052 052051 
51 41 051052 052041 
41 52 041052 
52 41 052041 
41 53 041052 052053 
53 41 053052 052041 
41 54 041052 052053 053054 
54 41 054053 053052 052041 
41 62 041052 052063 063062 
62 41 062063 063052 052041 
41 63 041052 052063 
63 41 063052 052041 
41 64 041052 052063 063064 
64 41 064063 063052 052041 
41 65 041052 052063 063064 064065 
65 41 065064 064063 063052 052041 
41 65 041052 052063 063064 064065 
65 41 065064 064063 063052 052041 
