21 0 021011 011000 
0 21 000011 011021 
21 1 021011 011000 000001 
1 21 001000 000011 011021 
21 8 021020 020019 019008 
8 21 008019 019020 020021 
21 9 021020 020019 019008 008009 
9 21 009008 008019 019020 020021 
21 10 021011 011000 000010 
10 21 010000 000011 011021 
21 11 021011 
11 21 011021 
21 12 021011 011012 
12 21 012011 011021 
21 19 021020 020019 
19 21 019020 020021 
21 20 021020 
20 21 020021 
21 22 021011 011022 
22 21 022011 011021 
21 31 021020 020019 019030 030031 
31 21 031030 030019 019020 020021 
21 32 021011 011022 022032 
32 21 032022 022011 011021 
21 43 021011 011022 022033 033043 
43 21 043033 033022 022011 011021 
35 2 035024 024013 013002 
2 35 002013 013024 024035 
35 3 035024 024013 013002 002003 
3 35 003002 002013 013024 024035 
35 13 035024 024013 
13 35 013024 024035 
35 14 035024 024013 013014 
14 35 014013 013024 024035 
35 23 035024 024023 
23 35 023024 024035 
35 24 035024 
24 35 024035 
35 25 035024 024025 
25 35 025024 024035 
35 33 035034 034033 
33 35 033034 034035 
35 34 035034 
34 35 034035 
35 36 035036 
36 35 036035 
35 44 035046 046045 045044 
44 35 044045 045046 046035 
35 45 035046 046045 
45 35 045046 046035 
35 46 035046 
46 35 046035 
35 47 035046 046047 
47 35 047046 046035 
35 56 035046 046057 057056 
56 35 056057 057046 046035 
35 57 035046 046057 
57 35 057046 046035 
35 58 035046 046057 057058 
58 35 058057 057046 046035 
27 4 027016 016005 005004 
4 27 004005 005016 016027 
27 5 027016 016005 
5 27 005016 016027 
27 6 027016 016005 005006 
6 27 006005 005016 016027 
27 7 027016 016005 005006 006007 
7 27 007006 006005 005016 016027 
27 15 027016 016015 
15 27 015016 016027 
27 16 027016 
16 27 016027 
27 17 027016 016017 
17 27 017016 016027 
27 18 027016 016017 017018 
18 27 018017 017016 016027 
27 26 027026 
26 27 026027 
27 37 027038 038037 
37 27 037038 038027 
27 38 027038 
38 27 038027 
27 48 027038 038049 049048 
48 27 048049 049038 038027 
27 49 027038 038049 
49 27 049038 038027 
27 59 027038 038049 049060 060059 
59 27 059060 060049 049038 038027 
27 60 027038 038049 049060 
60 27 060049 049038 038027 
39 28 039028 
28 39 028039 
39 29 039040 040029 
29 39 029040 040039 
39 40 039040 
40 39 040039 
39 50 039050 
50 39 050039 
39 61 039050 050061 
61 39 061050 050039 
52 30 052041 041030 
30 52 030041 041052 
52 41 052041 
41 52 041052 
52 42 052041 041042 
42 52 042041 041052 
52 51 052051 
51 52 051052 
52 53 052053 
53 52 053052 
52 54 052053 053054 
54 52 054053 053052 
52 55 052063 063064 064065 065055 
55 52 055065 065064 064063 063052 
52 62 052063 063062 
62 52 062063 063052 
52 63 052063 
63 52 063052 
52 64 052063 063064 
64 52 064063 063052 
52 65 052063 063064 064065 
65 52 065064 064063 063052 
52 65 052063 063064 064065 
65 52 065064 064063 063052 
