10 0 010000 
0 10 000010 
10 8 010009 009008 
8 10 008009 009010 
10 9 010009 
9 10 009010 
10 11 010021 021011 
11 10 011021 021010 
10 20 010021 021020 
20 10 020021 021010 
10 21 010021 
21 10 021010 
10 32 010021 021032 
32 10 032021 021010 
23 1 023012 012001 
1 23 001012 012023 
23 2 023012 012001 001002 
2 23 002001 001012 012023 
23 12 023012 
12 23 012023 
23 13 023012 012013 
13 23 013012 012023 
23 22 023022 
22 23 022023 
23 24 023024 
24 23 024023 
23 33 023034 034033 
33 23 033034 034023 
23 34 023034 
34 23 034023 
23 35 023034 034035 
35 23 035034 034023 
23 45 023034 034045 
45 23 045034 034023 
23 46 023034 034045 045046 
46 23 046045 045034 034023 
23 56 023034 034045 045056 
56 23 056045 045034 034023 
23 57 023034 034045 045056 056057 
57 23 057056 056045 045034 034023 
26 3 026015 015004 004003 
3 26 003004 004015 015026 
26 4 026015 015004 
4 26 004015 015026 
26 5 026015 015004 004005 
5 26 005004 004015 015026 
26 14 026015 015014 
14 26 014015 015026 
26 15 026015 
15 26 015026 
26 16 026015 015016 
16 26 016015 015026 
26 25 026025 
25 26 025026 
26 27 026027 
27 26 027026 
26 36 026037 037036 
36 26 036037 037026 
26 37 026037 
37 26 037026 
26 38 026037 037038 
38 26 038037 037026 
26 47 026037 037048 048047 
47 26 047048 048037 037026 
26 48 026037 037048 
48 26 048037 037026 
26 49 026037 037048 048049 
49 26 049048 048037 037026 
26 58 026037 037048 048059 059058 
58 26 058059 059048 048037 037026 
26 59 026037 037048 048059 
59 26 059048 048037 037026 
26 60 026037 037048 048059 059060 
60 26 060059 059048 048037 037026 
29 6 029018 018007 007006 
6 29 006007 007018 018029 
29 7 029018 018007 
7 29 007018 018029 
29 17 029018 018017 
17 29 017018 018029 
29 18 029018 
18 29 018029 
29 19 029018 018019 
19 29 019018 018029 
29 28 029028 
28 29 028029 
29 30 029030 
30 29 030029 
29 31 029030 030031 
31 29 031030 030029 
29 39 029040 040039 
39 29 039040 040029 
29 40 029040 
40 29 040029 
29 41 029040 040041 
41 29 041040 040029 
29 50 029040 040051 051050 
50 29 050051 051040 040029 
29 51 029040 040051 
51 29 051040 040029 
29 61 029040 040051 051062 062061 
61 29 061062 062051 051040 040029 
29 62 029040 040051 051062 
62 29 062051 051040 040029 
54 42 054043 043042 
42 54 042043 043054 
54 43 054043 
43 54 043054 
54 44 054044 
44 54 044054 
54 52 054053 053052 
52 54 052053 053054 
54 53 054053 
53 54 053054 
54 55 054065 065055 
55 54 055065 065054 
54 63 054065 065064 064063 
63 54 063064 064065 065054 
54 64 054065 065064 
64 54 064065 065054 
54 65 054065 
65 54 065054 
54 65 054065 
65 54 065054 
