11 0 011000 
0 11 000011 
11 1 011000 000001 
1 11 001000 000011 
11 2 011000 000001 001002 
2 11 002001 001000 000011 
11 10 011000 000010 
10 11 010000 000011 
11 12 011012 
12 11 012011 
11 13 011012 012013 
13 11 013012 012011 
11 21 011021 
21 11 021011 
11 22 011022 
22 11 022011 
11 23 011022 022023 
23 11 023022 022011 
11 32 011022 022032 
32 11 032022 022011 
8 6 008007 007006 
6 8 006007 007008 
8 7 008007 
7 8 007008 
8 9 008009 
9 8 009008 
19 18 019018 
18 19 018019 
19 20 019020 
20 19 020019 
19 29 019030 030029 
29 19 029030 030019 
19 30 019030 
30 19 030019 
19 31 019030 030031 
31 19 031030 030019 
27 4 027016 016005 005004 
4 27 004005 005016 016027 
27 5 027016 016005 
5 27 005016 016027 
27 15 027016 016015 
15 27 015016 016027 
27 16 027016 
16 27 016027 
27 17 027016 016017 
17 27 017016 016027 
27 26 027026 
26 27 026027 
27 28 027028 
28 27 028027 
27 38 027038 
38 27 038027 
27 39 027038 038039 
39 27 039038 038027 
27 49 027038 038049 
49 27 049038 038027 
27 60 027038 038049 049060 
60 27 060049 049038 038027 
36 3 036025 025014 014003 
3 36 003014 014025 025036 
36 14 036025 025014 
14 36 014025 025036 
36 24 036025 025024 
24 36 024025 025036 
36 25 036025 
25 36 025036 
36 35 036035 
35 36 035036 
36 37 036037 
37 36 037036 
36 46 036047 047046 
46 36 046047 047036 
36 47 036047 
47 36 047036 
36 48 036047 047048 
48 36 048047 047036 
36 57 036047 047058 058057 
57 36 057058 058047 047036 
36 58 036047 047058 
58 36 058047 047036 
36 59 036047 047058 058059 
59 36 059058 058047 047036 
44 33 044033 
33 44 033044 
44 34 044033 033034 
34 44 034033 033044 
44 43 044033 033043 
43 44 043033 033044 
44 45 044045 
45 44 045044 
44 54 044054 
54 44 054044 
44 55 044055 
55 44 055044 
44 56 044055 055056 
56 44 056055 055044 
44 65 044055 055065 
65 44 065055 055044 
52 40 052041 041040 
40 52 040041 041052 
52 41 052041 
41 52 041052 
52 42 052041 041042 
42 52 042041 041052 
52 50 052051 051050 
50 52 050051 051052 
52 51 052051 
51 52 051052 
52 53 052053 
53 52 053052 
52 61 052063 063062 062061 
61 52 061062 062063 063052 
52 62 052063 063062 
62 52 062063 063052 
52 63 052063 
63 52 063052 
52 64 052063 063064 
64 52 064063 063052 
52 64 052063 063064 
64 52 064063 063052 
