11 0 011000 
0 11 000011 
11 1 011000 000001 
1 11 001000 000011 
11 8 011021 021020 020019 019008 
8 11 008019 019020 020021 021011 
11 9 011000 000010 010009 
9 11 009010 010000 000011 
11 10 011000 000010 
10 11 010000 000011 
11 12 011012 
12 11 012011 
11 19 011021 021020 020019 
19 11 019020 020021 021011 
11 20 011021 021020 
20 11 020021 021011 
11 21 011021 
21 11 021011 
11 22 011022 
22 11 022011 
11 23 011022 022023 
23 11 023022 022011 
11 32 011022 022032 
32 11 032022 022011 
11 33 011022 022033 
33 11 033022 022011 
11 34 011022 022033 033034 
34 11 034033 033022 022011 
13 2 013014 014003 003002 
2 13 002003 003014 014013 
13 3 013014 014003 
3 13 003014 014013 
13 4 013014 014003 003004 
4 13 004003 003014 014013 
13 14 013014 
14 13 014013 
13 15 013014 014015 
15 13 015014 014013 
47 24 047036 036025 025024 
24 47 024025 025036 036047 
47 25 047036 036025 
25 47 025036 036047 
47 26 047036 036025 025026 
26 47 026025 025036 036047 
47 35 047036 036035 
35 47 035036 036047 
47 36 047036 
36 47 036047 
47 37 047036 036037 
37 47 037036 036047 
47 45 047046 046045 
45 47 045046 046047 
47 46 047046 
46 47 046047 
47 48 047048 
48 47 048047 
47 56 047058 058057 057056 
56 47 056057 057058 058047 
47 57 047058 058057 
57 47 057058 058047 
47 58 047058 
58 47 058047 
47 59 047058 058059 
59 47 059058 058047 
39 5 039028 028017 017006 006005 
5 39 005006 006017 017028 028039 
39 6 039028 028017 017006 
6 39 006017 017028 028039 
39 7 039028 028017 017006 006007 
7 39 007006 006017 017028 028039 
39 16 039028 028017 017016 
16 39 016017 017028 028039 
39 17 039028 028017 
17 39 017028 028039 
39 18 039028 028017 017018 
18 39 018017 017028 028039 
39 27 039028 028027 
27 39 027028 028039 
39 28 039028 
28 39 028039 
39 29 039028 028029 
29 39 029028 028039 
39 38 039038 
38 39 038039 
39 40 039040 
40 39 040039 
39 49 039050 050049 
49 39 049050 050039 
39 50 039050 
50 39 050039 
39 51 039050 050051 
51 39 051050 050039 
39 60 039050 050061 061060 
60 39 060061 061050 050039 
39 61 039050 050061 
61 39 061050 050039 
39 62 039050 050061 061062 
62 39 062061 061050 050039 
53 30 053052 052041 041030 
30 53 030041 041052 052053 
53 31 053042 042031 
31 53 031042 042053 
53 41 053052 052041 
41 53 041052 052053 
53 42 053042 
42 53 042053 
53 43 053042 042043 
43 53 043042 042053 
53 44 053054 054044 
44 53 044054 054053 
53 52 053052 
52 53 052053 
53 54 053054 
54 53 054053 
53 55 053054 054044 044055 
55 53 055044 044054 054053 
53 63 053052 052063 
63 53 063052 052053 
53 64 053064 
64 53 064053 
53 65 053064 064065 
65 53 065064 064053 
53 65 053064 064065 
65 53 065064 064053 
