1 0 001000 
0 1 000001 
1 2 001002 
2 1 002001 
1 3 001002 002003 
3 1 003002 002001 
1 12 001002 002013 013012 
12 1 012013 013002 002001 
1 13 001002 002013 
13 1 013002 002001 
20 8 020019 019008 
8 20 008019 019020 
20 9 020009 
9 20 009020 
20 10 020021 021010 
10 20 010021 021020 
20 11 020021 021011 
11 20 011021 021020 
20 19 020019 
19 20 019020 
20 21 020021 
21 20 021020 
20 31 020031 
31 20 031020 
29 6 029028 028027 027016 016005 005006 
6 29 006005 005016 016027 027028 028029 
29 7 029030 030019 019008 008007 
7 29 007008 008019 019030 030029 
29 17 029028 028027 027016 016017 
17 29 017016 016027 027028 028029 
29 18 029030 030019 019018 
18 29 018019 019030 030029 
29 28 029028 
28 29 028029 
29 30 029030 
30 29 030029 
29 39 029028 028027 027038 038039 
39 29 039038 038027 027028 028029 
29 40 029030 030041 041040 
40 29 040041 041030 030029 
29 41 029030 030041 
41 29 041030 030029 
29 50 029028 028027 027038 038049 049050 
50 29 050049 049038 038027 027028 028029 
29 51 029030 030041 041052 052051 
51 29 051052 052041 041030 030029 
29 61 029028 028027 027038 038049 049060 060061 
61 29 061060 060049 049038 038027 027028 028029 
29 62 029030 030041 041052 052063 063062 
62 29 062063 063052 052041 041030 030029 
27 4 027016 016005 005004 
4 27 004005 005016 016027 
27 5 027016 016005 
5 27 005016 016027 
27 15 027016 016015 
15 27 015016 016027 
27 16 027016 
16 27 016027 
27 26 027026 
26 27 026027 
27 37 027038 038037 
37 27 037038 038027 
27 38 027038 
38 27 038027 
27 49 027038 038049 
49 27 049038 038027 
27 60 027038 038049 049060 
60 27 060049 049038 038027 
25 14 025014 
14 25 014025 
25 23 025024 024023 
23 25 023024 024025 
25 24 025024 
24 25 024025 
25 36 025036 
36 25 036025 
46 34 046035 035034 
34 46 034035 035046 
46 35 046035 
35 46 035046 
46 45 046045 
45 46 045046 
46 47 046047 
47 46 047046 
46 48 046047 047048 
48 46 048047 047046 
46 56 046057 057056 
56 46 056057 057046 
46 57 046057 
57 46 057046 
46 58 046057 057058 
58 46 058057 057046 
46 59 046057 057058 058059 
59 46 059058 058057 057046 
54 22 054043 043032 032022 
22 54 022032 032043 043054 
54 32 054043 043032 
32 54 032043 043054 
54 33 054043 043033 
33 54 033043 043054 
54 42 054043 043042 
42 54 042043 043054 
54 43 054043 
43 54 043054 
54 44 054044 
44 54 044054 
54 52 054053 053052 
52 54 052053 053054 
54 53 054053 
53 54 053054 
54 55 054065 065055 
55 54 055065 065054 
54 63 054065 065064 064063 
63 54 063064 064065 065054 
54 64 054065 065064 
64 54 064065 065054 
54 65 054065 
65 54 065054 
54 65 054065 
65 54 065054 
