0 1 000001 
1 0 001000 
0 2 000001 001002 
2 0 002001 001000 
0 10 000010 
10 0 010000 
0 11 000011 
11 0 011000 
0 12 000001 001012 
12 0 012001 001000 
0 22 000011 011022 
22 0 022011 011000 
20 8 020009 009008 
8 20 008009 009020 
20 9 020009 
9 20 009020 
20 19 020019 
19 20 019020 
20 21 020021 
21 20 021020 
20 30 020031 031030 
30 20 030031 031020 
20 31 020031 
31 20 031020 
20 32 020031 031032 
32 20 032031 031020 
17 4 017006 006005 005004 
4 17 004005 005006 006017 
17 5 017006 006005 
5 17 005006 006017 
17 6 017006 
6 17 006017 
17 7 017006 006007 
7 17 007006 006017 
17 15 017016 016015 
15 17 015016 016017 
17 16 017016 
16 17 016017 
17 18 017018 
18 17 018017 
17 28 017028 
28 17 028017 
17 29 017028 028029 
29 17 029028 028017 
38 27 038027 
27 38 027038 
38 37 038037 
37 38 037038 
38 39 038039 
39 38 039038 
38 40 038039 039040 
40 38 040039 039038 
38 49 038049 
49 38 049038 
38 50 038039 039050 
50 38 050039 039038 
38 60 038049 049060 
60 38 060049 049038 
38 61 038039 039050 050061 
61 38 061050 050039 039038 
36 3 036025 025014 014003 
3 36 003014 014025 025036 
36 13 036025 025014 014013 
13 36 013014 014025 025036 
36 14 036025 025014 
14 36 014025 025036 
36 24 036025 025024 
24 36 024025 025036 
36 25 036025 
25 36 025036 
36 26 036025 025026 
26 36 026025 025036 
36 35 036035 
35 36 035036 
36 47 036047 
47 36 047036 
36 48 036047 047048 
48 36 048047 047036 
36 58 036047 047058 
58 36 058047 047036 
36 59 036047 047058 058059 
59 36 059058 058047 047036 
45 23 045034 034023 
23 45 023034 034045 
45 33 045034 034033 
33 45 033034 034045 
45 34 045034 
34 45 034045 
45 44 045044 
44 45 044045 
45 46 045046 
46 45 046045 
45 55 045056 056055 
55 45 055056 056045 
45 56 045056 
56 45 056045 
45 57 045056 056057 
57 45 057056 056045 
53 41 053042 042041 
41 53 041042 042053 
53 42 053042 
42 53 042053 
53 43 053042 042043 
43 53 043042 042053 
53 51 053052 052051 
51 53 051052 052053 
53 52 053052 
52 53 052053 
53 54 053054 
54 53 054053 
53 62 053064 064063 063062 
62 53 062063 063064 064053 
53 63 053064 064063 
63 53 063064 064053 
53 64 053064 
64 53 064053 
53 65 053064 064065 
65 53 065064 064053 
53 65 053064 064065 
65 53 065064 064053 
