11 0 011000 
0 11 000011 
11 9 011000 000010 010009 
9 11 009010 010000 000011 
11 10 011000 000010 
10 11 010000 000011 
11 12 011012 
12 11 012011 
11 20 011021 021020 
20 11 020021 021011 
11 21 011021 
21 11 021011 
11 22 011022 
22 11 022011 
11 23 011022 022023 
23 11 023022 022011 
11 31 011022 022032 032031 
31 11 031032 032022 022011 
11 32 011022 022032 
32 11 032022 022011 
11 33 011022 022033 
33 11 033022 022011 
11 34 011022 022033 033034 
34 11 034033 033022 022011 
11 43 011022 022033 033043 
43 11 043033 033022 022011 
11 44 011022 022033 033044 
44 11 044033 033022 022011 
11 45 011022 022033 033044 044045 
45 11 045044 044033 033022 022011 
11 55 011022 022033 033044 044055 
55 11 055044 044033 033022 022011 
11 56 011022 022033 033044 044055 055056 
56 11 056055 055044 044033 033022 022011 
2 1 002001 
1 2 001002 
2 3 002003 
3 2 003002 
2 4 002003 003004 
4 2 004003 003002 
2 13 002013 
13 2 013002 
25 14 025014 
14 25 014025 
25 15 025014 014015 
15 25 015014 014025 
25 24 025024 
24 25 024025 
25 26 025026 
26 25 026025 
25 35 025036 036035 
35 25 035036 036025 
25 36 025036 
36 25 036025 
25 37 025036 036037 
37 25 037036 036025 
25 46 025036 036047 047046 
46 25 046047 047036 036025 
25 47 025036 036047 
47 25 047036 036025 
25 48 025036 036047 047048 
48 25 048047 047036 036025 
25 57 025036 036047 047058 058057 
57 25 057058 058047 047036 036025 
25 58 025036 036047 047058 
58 25 058047 047036 036025 
25 59 025036 036047 047058 058059 
59 25 059058 058047 047036 036025 
28 5 028017 017006 006005 
5 28 005006 006017 017028 
28 6 028017 017006 
6 28 006017 017028 
28 7 028017 017006 006007 
7 28 007006 006017 017028 
28 16 028017 017016 
16 28 016017 017028 
28 17 028017 
17 28 017028 
28 18 028017 017018 
18 28 018017 017028 
28 27 028027 
27 28 027028 
28 29 028029 
29 28 029028 
28 38 028039 039038 
38 28 038039 039028 
28 39 028039 
39 28 039028 
28 40 028039 039040 
40 28 040039 039028 
28 49 028039 039050 050049 
49 28 049050 050039 039028 
28 50 028039 039050 
50 28 050039 039028 
28 60 028039 039050 050061 061060 
60 28 060061 061050 050039 039028 
28 61 028039 039050 050061 
61 28 061050 050039 039028 
52 8 052041 041030 030019 019008 
8 52 008019 019030 030041 041052 
52 19 052041 041030 030019 
19 52 019030 030041 041052 
52 30 052041 041030 
30 52 030041 041052 
52 41 052041 
41 52 041052 
52 42 052041 041042 
42 52 042041 041052 
52 51 052051 
51 52 051052 
52 53 052053 
53 52 053052 
52 54 052053 053054 
54 52 054053 053052 
52 62 052063 063062 
62 52 062063 063052 
52 63 052063 
63 52 063052 
52 64 052063 063064 
64 52 064063 063052 
52 65 052063 063064 064065 
65 52 065064 064063 063052 
52 65 052063 063064 064065 
65 52 065064 064063 063052 
