10 0 010000 
0 10 000010 
10 1 010000 000001 
1 10 001000 000010 
10 7 010009 009008 008007 
7 10 007008 008009 009010 
10 8 010009 009008 
8 10 008009 009010 
10 9 010009 
9 10 009010 
10 11 010021 021011 
11 10 011021 021010 
10 20 010021 021020 
20 10 020021 021010 
10 21 010021 
21 10 021010 
10 32 010021 021032 
32 10 032021 021010 
10 43 010021 021032 032043 
43 10 043032 032021 021010 
35 2 035024 024013 013002 
2 35 002013 013024 024035 
35 12 035024 024013 013012 
12 35 012013 013024 024035 
35 13 035024 024013 
13 35 013024 024035 
35 22 035024 024023 023022 
22 35 022023 023024 024035 
35 23 035024 024023 
23 35 023024 024035 
35 24 035024 
24 35 024035 
35 25 035024 024025 
25 35 025024 024035 
35 33 035034 034033 
33 35 033034 034035 
35 34 035034 
34 35 034035 
35 36 035036 
36 35 036035 
35 44 035046 046045 045044 
44 35 044045 045046 046035 
35 45 035046 046045 
45 35 045046 046035 
35 46 035046 
46 35 046035 
35 47 035046 046047 
47 35 047046 046035 
35 55 035046 046057 057056 056055 
55 35 055056 056057 057046 046035 
35 56 035046 046057 057056 
56 35 056057 057046 046035 
35 57 035046 046057 
57 35 057046 046035 
35 58 035046 046057 057058 
58 35 058057 057046 046035 
15 3 015014 014003 
3 15 003014 014015 
15 4 015004 
4 15 004015 
15 5 015016 016005 
5 15 005016 016015 
15 6 015016 016005 005006 
6 15 006005 005016 016015 
15 14 015014 
14 15 014015 
15 16 015016 
16 15 016015 
15 17 015016 016017 
17 15 017016 016015 
15 18 015016 016017 017018 
18 15 018017 017016 016015 
15 26 015026 
26 15 026015 
38 27 038027 
27 38 027038 
38 28 038027 027028 
28 38 028027 027038 
38 29 038027 027028 028029 
29 38 029028 028027 027038 
38 37 038037 
37 38 037038 
38 39 038039 
39 38 039038 
38 48 038049 049048 
48 38 048049 049038 
38 49 038049 
49 38 049038 
38 50 038049 049050 
50 38 050049 049038 
38 59 038049 049060 060059 
59 38 059060 060049 049038 
38 60 038049 049060 
60 38 060049 049038 
38 61 038049 049060 060061 
61 38 061060 060049 049038 
52 19 052041 041030 030019 
19 52 019030 030041 041052 
52 30 052041 041030 
30 52 030041 041052 
52 31 052041 041030 030031 
31 52 031030 030041 041052 
52 40 052041 041040 
40 52 040041 041052 
52 41 052041 
41 52 041052 
52 42 052041 041042 
42 52 042041 041052 
52 51 052051 
51 52 051052 
52 53 052053 
53 52 053052 
52 54 052053 053054 
54 52 054053 053052 
52 62 052063 063062 
62 52 062063 063052 
52 63 052063 
63 52 063052 
52 64 052063 063064 
64 52 064063 063052 
52 65 052063 063064 064065 
65 52 065064 064063 063052 
52 65 052063 063064 064065 
65 52 065064 064063 063052 
