11 0 011000 
0 11 000011 
11 1 011000 000001 
1 11 001000 000011 
11 9 011000 000010 010009 
9 11 009010 010000 000011 
11 10 011000 000010 
10 11 010000 000011 
11 12 011012 
12 11 012011 
11 20 011021 021020 
20 11 020021 021011 
11 21 011021 
21 11 021011 
11 22 011022 
22 11 022011 
11 32 011022 022032 
32 11 032022 022011 
11 33 011022 022033 
33 11 033022 022011 
11 44 011022 022033 033044 
44 11 044033 033022 022011 
11 55 011022 022033 033044 044055 
55 11 055044 044033 033022 022011 
35 2 035024 024013 013002 
2 35 002013 013024 024035 
35 13 035024 024013 
13 35 013024 024035 
35 23 035024 024023 
23 35 023024 024035 
35 24 035024 
24 35 024035 
35 25 035024 024025 
25 35 025024 024035 
35 34 035034 
34 35 034035 
35 36 035036 
36 35 036035 
35 45 035046 046045 
45 35 045046 046035 
35 46 035046 
46 35 046035 
35 47 035046 046047 
47 35 047046 046035 
35 56 035046 046057 057056 
56 35 056057 057046 046035 
35 57 035046 046057 
57 35 057046 046035 
35 58 035046 046057 057058 
58 35 058057 057046 046035 
15 3 015014 014003 
3 15 003014 014015 
15 4 015004 
4 15 004015 
15 5 015016 016005 
5 15 005016 016015 
15 6 015016 016005 005006 
6 15 006005 005016 016015 
15 14 015014 
14 15 014015 
15 16 015016 
16 15 016015 
15 17 015016 016017 
17 15 017016 016015 
15 26 015026 
26 15 026015 
38 27 038027 
27 38 027038 
38 28 038027 027028 
28 38 028027 027038 
38 37 038037 
37 38 037038 
38 39 038039 
39 38 039038 
38 48 038049 049048 
48 38 048049 049038 
38 49 038049 
49 38 049038 
38 50 038049 049050 
50 38 050049 049038 
38 59 038049 049060 060059 
59 38 059060 060049 049038 
38 60 038049 049060 
60 38 060049 049038 
38 61 038049 049060 060061 
61 38 061060 060049 049038 
41 7 041030 030019 019008 008007 
7 41 007008 008019 019030 030041 
41 8 041030 030019 019008 
8 41 008019 019030 030041 
41 18 041030 030019 019018 
18 41 018019 019030 030041 
41 19 041030 030019 
19 41 019030 030041 
41 29 041030 030029 
29 41 029030 030041 
41 30 041030 
30 41 030041 
41 31 041030 030031 
31 41 031030 030041 
41 40 041040 
40 41 040041 
41 42 041042 
42 41 042041 
41 43 041042 042043 
43 41 043042 042041 
41 51 041052 052051 
51 41 051052 052041 
41 52 041052 
52 41 052041 
41 53 041052 052053 
53 41 053052 052041 
41 54 041052 052053 053054 
54 41 054053 053052 052041 
41 62 041052 052063 063062 
62 41 062063 063052 052041 
41 63 041052 052063 
63 41 063052 052041 
41 64 041052 052063 063064 
64 41 064063 063052 052041 
41 65 041052 052063 063064 064065 
65 41 065064 064063 063052 052041 
41 65 041052 052063 063064 064065 
65 41 065064 064063 063052 052041 
