1 0 001000 
0 1 000001 
1 2 001002 
2 1 002001 
1 3 001002 002003 
3 1 003002 002001 
1 11 001012 012011 
11 1 011012 012001 
1 12 001012 
12 1 012001 
1 13 001012 012013 
13 1 013012 012001 
1 23 001012 012023 
23 1 023012 012001 
20 8 020009 009008 
8 20 008009 009020 
20 9 020009 
9 20 009020 
20 10 020009 009010 
10 20 010009 009020 
20 19 020019 
19 20 019020 
20 21 020021 
21 20 021020 
20 22 020031 031032 032022 
22 20 022032 032031 031020 
20 30 020031 031030 
30 20 030031 031020 
20 31 020031 
31 20 031020 
20 32 020031 031032 
32 20 032031 031020 
6 4 006005 005004 
4 6 004005 005006 
6 5 006005 
5 6 005006 
6 7 006007 
7 6 007006 
6 15 006017 017016 016015 
15 6 015016 016017 017006 
6 16 006017 017016 
16 6 016017 017006 
6 17 006017 
17 6 017006 
6 18 006017 017018 
18 6 018017 017006 
28 27 028027 
27 28 027028 
28 29 028029 
29 28 029028 
28 38 028039 039038 
38 28 038039 039028 
28 39 028039 
39 28 039028 
28 40 028039 039040 
40 28 040039 039028 
28 49 028039 039050 050049 
49 28 049050 050039 039028 
28 50 028039 039050 
50 28 050039 039028 
28 60 028039 039050 050061 061060 
60 28 060061 061050 050039 039028 
28 61 028039 039050 050061 
61 28 061050 050039 039028 
36 14 036025 025014 
14 36 014025 025036 
36 24 036025 025024 
24 36 024025 025036 
36 25 036025 
25 36 025036 
36 26 036025 025026 
26 36 026025 025036 
36 35 036035 
35 36 035036 
36 37 036037 
37 36 037036 
36 47 036047 
47 36 047036 
36 48 036047 047048 
48 36 048047 047036 
36 58 036047 047058 
58 36 058047 047036 
36 59 036047 047058 058059 
59 36 059058 058047 047036 
45 33 045034 034033 
33 45 033034 034045 
45 34 045034 
34 45 034045 
45 44 045044 
44 45 044045 
45 46 045046 
46 45 046045 
45 55 045056 056055 
55 45 055056 056045 
45 56 045056 
56 45 056045 
45 57 045056 056057 
57 45 057056 056045 
53 41 053042 042041 
41 53 041042 042053 
53 42 053042 
42 53 042053 
53 43 053042 042043 
43 53 043042 042053 
53 51 053052 052051 
51 53 051052 052053 
53 52 053052 
52 53 052053 
53 54 053054 
54 53 054053 
53 62 053064 064063 063062 
62 53 062063 063064 064053 
53 63 053064 064063 
63 53 063064 064053 
53 64 053064 
64 53 064053 
53 65 053064 064065 
65 53 065064 064053 
53 65 053064 064065 
65 53 065064 064053 
