12 0 012001 001000 
0 12 000001 001012 
12 1 012001 
1 12 001012 
12 2 012001 001002 
2 12 002001 001012 
12 11 012011 
11 12 011012 
12 13 012013 
13 12 013012 
12 14 012013 013014 
14 12 014013 013012 
12 22 012023 023022 
22 12 022023 023012 
12 23 012023 
23 12 023012 
12 24 012023 023024 
24 12 024023 023012 
20 8 020019 019018 018007 007008 
8 20 008007 007018 018019 019020 
20 9 020021 021010 010009 
9 20 009010 010021 021020 
20 10 020021 021010 
10 20 010021 021020 
20 19 020019 
19 20 019020 
20 21 020021 
21 20 021020 
20 31 020021 021032 032031 
31 20 031032 032021 021020 
20 32 020021 021032 
32 20 032021 021020 
40 7 040029 029018 018007 
7 40 007018 018029 029040 
40 18 040029 029018 
18 40 018029 029040 
40 28 040029 029028 
28 40 028029 029040 
40 29 040029 
29 40 029040 
40 30 040029 029030 
30 40 030029 029040 
40 39 040039 
39 40 039040 
40 41 040041 
41 40 041040 
40 50 040051 051050 
50 40 050051 051040 
40 51 040051 
51 40 051040 
40 61 040051 051062 062061 
61 40 061062 062051 051040 
40 62 040051 051062 
62 40 062051 051040 
16 3 016015 015004 004003 
3 16 003004 004015 015016 
16 4 016015 015004 
4 16 004015 015016 
16 5 016005 
5 16 005016 
16 6 016017 017006 
6 16 006017 017016 
16 15 016015 
15 16 015016 
16 17 016017 
17 16 017016 
16 27 016027 
27 16 027016 
37 25 037026 026025 
25 37 025026 026037 
37 26 037026 
26 37 026037 
37 36 037036 
36 37 036037 
37 38 037038 
38 37 038037 
37 47 037048 048047 
47 37 047048 048037 
37 48 037048 
48 37 048037 
37 49 037048 048049 
49 37 049048 048037 
37 58 037048 048059 059058 
58 37 058059 059048 048037 
37 59 037048 048059 
59 37 059048 048037 
37 60 037048 048059 059060 
60 37 060059 059048 048037 
45 33 045034 034033 
33 45 033034 034045 
45 34 045034 
34 45 034045 
45 35 045034 034035 
35 45 035034 034045 
45 44 045044 
44 45 044045 
45 46 045046 
46 45 046045 
45 55 045056 056055 
55 45 055056 056045 
45 56 045056 
56 45 056045 
45 57 045056 056057 
57 45 057056 056045 
53 42 053054 054043 043042 
42 53 042043 043054 054053 
53 43 053054 054043 
43 53 043054 054053 
53 52 053052 
52 53 052053 
53 54 053054 
54 53 054053 
53 63 053052 052051 051062 062063 
63 53 063062 062051 051052 052053 
53 64 053054 054065 065064 
64 53 064065 065054 054053 
53 65 053054 054065 
65 53 065054 054053 
53 65 053054 054065 
65 53 065054 054053 
