12 0 012011 011021 021010 010000 
0 12 000010 010021 021011 011012 
12 1 012013 013002 002001 
1 12 001002 002013 013012 
12 2 012013 013002 
2 12 002013 013012 
12 3 012013 013002 002003 
3 12 003002 002013 013012 
12 11 012011 
11 12 011012 
12 13 012013 
13 12 013012 
12 22 012011 011021 021032 032022 
22 12 022032 032021 021011 011012 
12 23 012013 013024 024023 
23 12 023024 024013 013012 
12 24 012013 013024 
24 12 024013 013012 
9 8 009008 
8 9 008009 
9 10 009010 
10 9 010009 
9 20 009020 
20 9 020009 
9 21 009010 010021 
21 9 021010 010009 
9 31 009020 020031 
31 9 031020 020009 
9 32 009010 010021 021032 
32 9 032021 021010 010009 
29 6 029018 018007 007006 
6 29 006007 007018 018029 
29 7 029018 018007 
7 29 007018 018029 
29 17 029018 018017 
17 29 017018 018029 
29 18 029018 
18 29 018029 
29 19 029018 018019 
19 29 019018 018029 
29 28 029028 
28 29 028029 
29 30 029030 
30 29 030029 
29 39 029040 040039 
39 29 039040 040029 
29 40 029040 
40 29 040029 
29 41 029040 040041 
41 29 041040 040029 
29 51 029040 040051 
51 29 051040 040029 
29 62 029040 040051 051062 
62 29 062051 051040 040029 
26 4 026015 015004 
4 26 004015 015026 
26 5 026015 015004 004005 
5 26 005004 004015 015026 
26 14 026015 015014 
14 26 014015 015026 
26 15 026015 
15 26 015026 
26 16 026015 015016 
16 26 016015 015026 
26 25 026025 
25 26 025026 
26 27 026027 
27 26 027026 
26 36 026037 037036 
36 26 036037 037026 
26 37 026037 
37 26 037026 
26 38 026037 037038 
38 26 038037 037026 
48 47 048047 
47 48 047048 
48 49 048049 
49 48 049048 
48 50 048049 049050 
50 48 050049 049048 
48 58 048059 059058 
58 48 058059 059048 
48 59 048059 
59 48 059048 
48 60 048059 059060 
60 48 060059 059048 
48 61 048059 059060 060061 
61 48 061060 060059 059048 
45 33 045044 044054 054043 043033 
33 45 033043 043054 054044 044045 
45 34 045046 046035 035034 
34 45 034035 035046 046045 
45 35 045046 046035 
35 45 035046 046045 
45 44 045044 
44 45 044045 
45 46 045046 
46 45 046045 
45 55 045044 044054 054065 065055 
55 45 055065 065054 054044 044045 
45 56 045046 046057 057056 
56 45 056057 057046 046045 
45 57 045046 046057 
57 45 057046 046045 
53 42 053042 
42 53 042053 
53 43 053054 054043 
43 53 043054 054053 
53 52 053052 
52 53 052053 
53 54 053054 
54 53 054053 
53 63 053064 064063 
63 53 063064 064053 
53 64 053064 
64 53 064053 
53 65 053054 054065 
65 53 065054 054053 
53 65 053054 054065 
65 53 065054 054053 
